6.457142857142857792e+02 6.457142857142857792e+02
5.028571428571428896e+02 6.457142857142857792e+02
3.600000000000000000e+02 6.457142857142857792e+02
2.171428571428571956e+02 6.457142857142857792e+02
7.428571428571439128e+01 6.457142857142857792e+02
6.457142857142857792e+02 5.028571428571428896e+02
5.028571428571428896e+02 5.028571428571428896e+02
3.600000000000000000e+02 5.028571428571428896e+02
2.171428571428571956e+02 5.028571428571428896e+02
7.428571428571439128e+01 5.028571428571428896e+02
6.457142857142857792e+02 3.600000000000000000e+02
5.028571428571428896e+02 3.600000000000000000e+02
3.600000000000000000e+02 3.600000000000000000e+02
2.171428571428571956e+02 3.600000000000000000e+02
7.428571428571439128e+01 3.600000000000000000e+02
6.457142857142857792e+02 2.171428571428571956e+02
5.028571428571428896e+02 2.171428571428571956e+02
3.600000000000000000e+02 2.171428571428571956e+02
2.171428571428571956e+02 2.171428571428571956e+02
7.428571428571439128e+01 2.171428571428571956e+02
6.457142857142857792e+02 7.428571428571439128e+01
5.028571428571428896e+02 7.428571428571439128e+01
3.600000000000000000e+02 7.428571428571439128e+01
2.171428571428571956e+02 7.428571428571439128e+01
7.428571428571439128e+01 7.428571428571439128e+01
