7.064101615137753925e+02 7.292307692307692832e+02
5.909401076758502995e+02 7.292307692307692832e+02
4.754700538379251498e+02 7.292307692307692832e+02
3.600000000000000000e+02 7.292307692307692832e+02
2.445299461620748787e+02 7.292307692307692832e+02
1.290598923241497573e+02 7.292307692307692832e+02
1.358983848622455071e+01 7.292307692307692832e+02
7.064101615137753925e+02 6.625641025641025408e+02
6.486751345948127891e+02 6.933333333333333712e+02
5.909401076758502995e+02 6.625641025641025408e+02
5.332050807568876962e+02 6.933333333333333712e+02
4.754700538379251498e+02 6.625641025641025408e+02
4.177350269189626033e+02 6.933333333333333712e+02
3.600000000000000000e+02 6.625641025641025408e+02
3.022649730810375104e+02 6.933333333333333712e+02
2.445299461620748787e+02 6.625641025641025408e+02
1.867949192431122754e+02 6.933333333333333712e+02
1.290598923241497573e+02 6.625641025641025408e+02
7.132486540518715401e+01 6.933333333333333712e+02
1.358983848622455071e+01 6.625641025641025408e+02
7.064101615137753925e+02 5.958974358974359120e+02
6.486751345948127891e+02 6.266666666666667425e+02
5.909401076758502995e+02 5.958974358974359120e+02
5.332050807568876962e+02 6.266666666666667425e+02
4.754700538379251498e+02 5.958974358974359120e+02
4.177350269189626033e+02 6.266666666666667425e+02
3.600000000000000000e+02 5.958974358974359120e+02
3.022649730810375104e+02 6.266666666666667425e+02
2.445299461620748787e+02 5.958974358974359120e+02
1.867949192431122754e+02 6.266666666666667425e+02
1.290598923241497573e+02 5.958974358974359120e+02
7.132486540518715401e+01 6.266666666666667425e+02
1.358983848622455071e+01 5.958974358974359120e+02
7.064101615137753925e+02 5.292307692307692832e+02
6.486751345948127891e+02 5.600000000000000000e+02
5.909401076758502995e+02 5.292307692307692832e+02
5.332050807568876962e+02 5.600000000000000000e+02
4.754700538379251498e+02 5.292307692307692832e+02
4.177350269189626033e+02 5.600000000000000000e+02
3.600000000000000000e+02 5.292307692307692832e+02
3.022649730810375104e+02 5.600000000000000000e+02
2.445299461620748787e+02 5.292307692307692832e+02
1.867949192431122754e+02 5.600000000000000000e+02
1.290598923241497573e+02 5.292307692307692832e+02
7.132486540518715401e+01 5.600000000000000000e+02
1.358983848622455071e+01 5.292307692307692832e+02
7.064101615137753925e+02 4.625641025641025408e+02
6.486751345948127891e+02 4.933333333333333712e+02
5.909401076758502995e+02 4.625641025641025408e+02
5.332050807568876962e+02 4.933333333333333712e+02
4.754700538379251498e+02 4.625641025641025408e+02
4.177350269189626033e+02 4.933333333333333712e+02
3.600000000000000000e+02 4.625641025641025408e+02
3.022649730810375104e+02 4.933333333333333712e+02
2.445299461620748787e+02 4.625641025641025408e+02
1.867949192431122754e+02 4.933333333333333712e+02
1.290598923241497573e+02 4.625641025641025408e+02
7.132486540518715401e+01 4.933333333333333712e+02
1.358983848622455071e+01 4.625641025641025408e+02
7.064101615137753925e+02 3.958974358974359120e+02
6.486751345948127891e+02 4.266666666666666856e+02
5.909401076758502995e+02 3.958974358974359120e+02
5.332050807568876962e+02 4.266666666666666856e+02
4.754700538379251498e+02 3.958974358974359120e+02
4.177350269189626033e+02 4.266666666666666856e+02
3.600000000000000000e+02 3.958974358974359120e+02
3.022649730810375104e+02 4.266666666666666856e+02
2.445299461620748787e+02 3.958974358974359120e+02
1.867949192431122754e+02 4.266666666666666856e+02
1.290598923241497573e+02 3.958974358974359120e+02
7.132486540518715401e+01 4.266666666666666856e+02
1.358983848622455071e+01 3.958974358974359120e+02
7.064101615137753925e+02 3.292307692307692264e+02
6.486751345948127891e+02 3.600000000000000000e+02
5.909401076758502995e+02 3.292307692307692264e+02
5.332050807568876962e+02 3.600000000000000000e+02
4.754700538379251498e+02 3.292307692307692264e+02
4.177350269189626033e+02 3.600000000000000000e+02
3.600000000000000000e+02 3.292307692307692264e+02
3.022649730810375104e+02 3.600000000000000000e+02
2.445299461620748787e+02 3.292307692307692264e+02
1.867949192431122754e+02 3.600000000000000000e+02
1.290598923241497573e+02 3.292307692307692264e+02
7.132486540518715401e+01 3.600000000000000000e+02
1.358983848622455071e+01 3.292307692307692264e+02
7.064101615137753925e+02 2.625641025641026545e+02
6.486751345948127891e+02 2.933333333333333712e+02
5.909401076758502995e+02 2.625641025641026545e+02
5.332050807568876962e+02 2.933333333333333712e+02
4.754700538379251498e+02 2.625641025641026545e+02
4.177350269189626033e+02 2.933333333333333712e+02
3.600000000000000000e+02 2.625641025641026545e+02
3.022649730810375104e+02 2.933333333333333712e+02
2.445299461620748787e+02 2.625641025641026545e+02
1.867949192431122754e+02 2.933333333333333712e+02
1.290598923241497573e+02 2.625641025641026545e+02
7.132486540518715401e+01 2.933333333333333712e+02
1.358983848622455071e+01 2.625641025641026545e+02
7.064101615137753925e+02 1.958974358974359120e+02
6.486751345948127891e+02 2.266666666666666856e+02
5.909401076758502995e+02 1.958974358974359120e+02
5.332050807568876962e+02 2.266666666666666856e+02
4.754700538379251498e+02 1.958974358974359120e+02
4.177350269189626033e+02 2.266666666666666856e+02
3.600000000000000000e+02 1.958974358974359120e+02
3.022649730810375104e+02 2.266666666666666856e+02
2.445299461620748787e+02 1.958974358974359120e+02
1.867949192431122754e+02 2.266666666666666856e+02
1.290598923241497573e+02 1.958974358974359120e+02
7.132486540518715401e+01 2.266666666666666856e+02
1.358983848622455071e+01 1.958974358974359120e+02
7.064101615137753925e+02 1.292307692307692548e+02
6.486751345948127891e+02 1.600000000000000000e+02
5.909401076758502995e+02 1.292307692307692548e+02
5.332050807568876962e+02 1.600000000000000000e+02
4.754700538379251498e+02 1.292307692307692548e+02
4.177350269189626033e+02 1.600000000000000000e+02
3.600000000000000000e+02 1.292307692307692548e+02
3.022649730810375104e+02 1.600000000000000000e+02
2.445299461620748787e+02 1.292307692307692548e+02
1.867949192431122754e+02 1.600000000000000000e+02
1.290598923241497573e+02 1.292307692307692548e+02
7.132486540518715401e+01 1.600000000000000000e+02
1.358983848622455071e+01 1.292307692307692548e+02
7.064101615137753925e+02 6.256410256410265447e+01
6.486751345948127891e+02 9.333333333333337123e+01
5.909401076758502995e+02 6.256410256410265447e+01
5.332050807568876962e+02 9.333333333333337123e+01
4.754700538379251498e+02 6.256410256410265447e+01
4.177350269189626033e+02 9.333333333333337123e+01
3.600000000000000000e+02 6.256410256410265447e+01
3.022649730810375104e+02 9.333333333333337123e+01
2.445299461620748787e+02 6.256410256410265447e+01
1.867949192431122754e+02 9.333333333333337123e+01
1.290598923241497573e+02 6.256410256410265447e+01
7.132486540518715401e+01 9.333333333333337123e+01
1.358983848622455071e+01 6.256410256410265447e+01
7.064101615137753925e+02 -4.102564102564031145e+00
6.486751345948127891e+02 2.666666666666668561e+01
5.909401076758502995e+02 -4.102564102564031145e+00
5.332050807568876962e+02 2.666666666666668561e+01
4.754700538379251498e+02 -4.102564102564031145e+00
4.177350269189626033e+02 2.666666666666668561e+01
3.600000000000000000e+02 -4.102564102564031145e+00
3.022649730810375104e+02 2.666666666666668561e+01
2.445299461620748787e+02 -4.102564102564031145e+00
1.867949192431122754e+02 2.666666666666668561e+01
1.290598923241497573e+02 -4.102564102564031145e+00
7.132486540518715401e+01 2.666666666666668561e+01
1.358983848622455071e+01 -4.102564102564031145e+00
